index,home_fg,home_fga,home_fg_pct,home_fg3,home_fg3a,home_fg3_pct,home_ft,home_fta,home_ft_pct,home_orb,home_drb,home_trb,home_ast,home_stl,home_blk,home_tov,home_pf,home_pts,away_fg,away_fga
home_fg,1.0,0.4408494641128228,0.7728223815687888,0.2981141743923143,0.04239106978409647,0.3573100278168658,-0.20056655700670925,-0.1931028946694182,-0.04529015052929158,0.031352311382303086,0.09057634236675241,0.09337775288934064,0.6458823352624493,0.13010728324191706,0.07033616429718044,-0.11010579624161294,0.04862044026445019,0.8315524491278652,0.22420524568652173,0.2143473082988176
home_fga,0.4408494641128228,1.0,-0.2239779169366821,0.033700779404056275,0.23120706864407134,-0.17858773132500516,-0.21955545636468132,-0.20278968699632194,-0.07913979080776896,0.5208846098588744,0.14189269738603758,0.42155362536337476,0.19184258973969123,0.1233687555372957,0.0455561170751116,-0.27052469909104115,0.07037424138451341,0.27104822129931844,0.22128877914946168,0.21510703001799775
home_fg_pct,0.7728223815687888,-0.2239779169366821,1.0,0.3001037162041449,-0.11619339681056437,0.516655011980976,-0.059922730880185814,-0.06326648241957018,0.006835038325678449,-0.33083861619454685,-0.0007364525612238746,-0.19365120657765636,0.5650935340602614,0.05529709818682303,0.043594651794307375,0.07296206728410409,0.008550339833024336,0.7115768551991396,0.08824478168045718,0.08397760482214124
home_fg3,0.2981141743923143,0.033700779404056275,0.3001037162041449,1.0,0.6998081595081808,0.7012738191662675,-0.12278863650429031,-0.1322513888553178,0.008929350536898086,-0.14319184905055915,0.07010010968751093,-0.02544080327533412,0.44316058743642645,-0.007562046324588974,-0.03620866584452899,0.017847928118265684,-0.00016834405298895268,0.4857371918417431,0.11952561921090339,0.11963144379798986
home_fg3a,0.04239106978409647,0.23120706864407134,-0.11619339681056437,0.6998081595081808,1.0,0.012346656174519287,-0.09355888116135741,-0.09428245378895943,-0.008656021332227702,0.017361453643523005,0.08933830079771161,0.084187955269639,0.2391570641151314,0.031213045851108224,-0.02697047107643641,-0.023375808604656295,0.002227800072338745,0.19556070774394496,0.13064207754586185,0.1300695842334524
home_fg3_pct,0.3573100278168658,-0.17858773132500516,0.516655011980976,0.7012738191662675,0.012346656174519287,1.0,-0.07244110994427773,-0.08796599612830436,0.030977886122529913,-0.21575009614046414,0.010652375519430874,-0.11705744756641237,0.37595454289770586,-0.0355314670090912,-0.02463522270740304,0.045798309417756,-0.0002047021299899719,0.4728664391412346,0.03373297570253621,0.03909461616346323
home_ft,-0.20056655700670925,-0.21955545636468132,-0.059922730880185814,-0.12278863650429031,-0.09355888116135741,-0.07244110994427773,1.0,0.9309892102837132,0.3198016825925617,0.05203255961442105,-0.008998499935921098,0.022901047764993205,-0.16322096522146698,0.012168908975170884,0.023245935703210933,-0.0025264160271988296,0.18785894670845724,0.3020040699839507,0.11626851311107725,0.10297704543623588
home_fta,-0.1931028946694182,-0.20278968699632194,-0.06326648241957018,-0.1322513888553178,-0.09428245378895943,-0.08796599612830436,0.9309892102837132,1.0,-0.026267999731761332,0.09377128760681694,0.0046109190199544675,0.05853678198480539,-0.17269995662801518,0.013453243295579119,0.020598511675164636,-0.001844313426168348,0.2000228963246462,0.2704606922215705,0.1182618616558565,0.1188775670475518
home_ft_pct,-0.04529015052929158,-0.07913979080776896,0.006835038325678449,0.008929350536898086,-0.008656021332227702,0.030977886122529913,0.3198016825925617,-0.026267999731761332,1.0,-0.09733659372499544,-0.024148374314734884,-0.0768128372406743,0.004647272088445345,-0.005082366963817156,0.005803917132775706,-0.0006903431814374956,0.0017869991505536096,0.12678704752793954,-0.0024209001856636465,-0.026839487099725157
home_orb,0.031352311382303086,0.5208846098588744,-0.33083861619454685,-0.14319184905055915,0.017361453643523005,-0.21575009614046414,0.05203255961442105,0.09377128760681694,-0.09733659372499544,1.0,-0.028563405866166458,0.5598111988408467,-0.09310541543969601,0.028829853830798658,0.02255098216222481,0.044818782734560435,0.053640038287651216,0.010515785554244263,0.003528461815013235,-0.043095067196682914
home_drb,0.09057634236675241,0.14189269738603758,-0.0007364525612238746,0.07010010968751093,0.08933830079771161,0.010652375519430874,-0.008998499935921098,0.0046109190199544675,-0.024148374314734884,-0.028563405866166458,1.0,0.8122919855664104,0.09988894925668082,-0.13193268226565097,0.1639767399749561,0.14086425397891142,-0.019125678500014193,0.09273884159336161,-0.3469664403991573,0.4018952697811133
home_trb,0.09337775288934064,0.42155362536337476,-0.19365120657765636,-0.02544080327533412,0.084187955269639,-0.11705744756641237,0.022901047764993205,0.05853678198480539,-0.0768128372406743,0.5598111988408467,0.8122919855664104,1.0,0.028477792932790742,-0.09254480321171954,0.14908815113611132,0.14292187959419192,0.015443984058676427,0.08301248965869987,-0.28556193359293924,0.30800896729351174
home_ast,0.6458823352624493,0.19184258973969123,0.5650935340602614,0.44316058743642645,0.2391570641151314,0.37595454289770586,-0.16322096522146698,-0.17269995662801518,0.004647272088445345,-0.09310541543969601,0.09988894925668082,0.028477792932790742,1.0,0.11165158261473335,0.074768810302498,-0.0003719868824773398,-0.012051147794495473,0.5942008816596672,0.12732334521449326,0.17347345585643908
home_stl,0.13010728324191706,0.1233687555372957,0.05529709818682303,-0.007562046324588974,0.031213045851108224,-0.0355314670090912,0.012168908975170884,0.013453243295579119,-0.005082366963817156,0.028829853830798658,-0.13193268226565097,-0.09254480321171954,0.11165158261473335,1.0,0.036356797753061325,0.11033784129987909,0.02346573788541597,0.11389791242019243,-0.14024054531352712,-0.19664961782416032
home_blk,0.07033616429718044,0.0455561170751116,0.043594651794307375,-0.03620866584452899,-0.02697047107643641,-0.02463522270740304,0.023245935703210933,0.020598511675164636,0.005803917132775706,0.02255098216222481,0.1639767399749561,0.14908815113611132,0.074768810302498,0.036356797753061325,1.0,0.0923547785633862,0.016579093259042752,0.06052563512880129,-0.12585847533925093,0.2572503508866437
home_tov,-0.11010579624161294,-0.27052469909104115,0.07296206728410409,0.017847928118265684,-0.023375808604656295,0.045798309417756,-0.0025264160271988296,-0.001844313426168348,-0.0006903431814374956,0.044818782734560435,0.14086425397891142,0.14292187959419192,-0.0003719868824773398,0.11033784129987909,0.0923547785633862,1.0,0.1889282550372473,-0.08905075317428117,-0.0015026057908289793,0.14921145245934328
home_pf,0.04862044026445019,0.07037424138451341,0.008550339833024336,-0.00016834405298895268,0.002227800072338745,-0.0002047021299899719,0.18785894670845724,0.2000228963246462,0.0017869991505536096,0.053640038287651216,-0.019125678500014193,0.015443984058676427,-0.012051147794495473,0.02346573788541597,0.016579093259042752,0.1889282550372473,1.0,0.1364490091563642,-0.14415019254310035,-0.13863813953837043
home_pts,0.8315524491278652,0.27104822129931844,0.7115768551991396,0.4857371918417431,0.19556070774394496,0.4728664391412346,0.3020040699839507,0.2704606922215705,0.12678704752793954,0.010515785554244263,0.09273884159336161,0.08301248965869987,0.5942008816596672,0.11389791242019243,0.06052563512880129,-0.08905075317428117,0.1364490091563642,1.0,0.2839294832135138,0.26887924144147235
away_fg,0.22420524568652173,0.22128877914946168,0.08824478168045718,0.11952561921090339,0.13064207754586185,0.03373297570253621,0.11626851311107725,0.1182618616558565,-0.0024209001856636465,0.003528461815013235,-0.3469664403991573,-0.28556193359293924,0.12732334521449326,-0.14024054531352712,-0.12585847533925093,-0.0015026057908289793,-0.14415019254310035,0.2839294832135138,1.0,0.43882985114017053
away_fga,0.2143473082988176,0.21510703001799775,0.08397760482214124,0.11963144379798986,0.1300695842334524,0.03909461616346323,0.10297704543623588,0.1188775670475518,-0.026839487099725157,-0.043095067196682914,0.4018952697811133,0.30800896729351174,0.17347345585643908,-0.19664961782416032,0.2572503508866437,0.14921145245934328,-0.13863813953837043,0.26887924144147235,0.43882985114017053,1.0
away_fg_pct,0.09656662094528735,0.09397222525015649,0.037743269201298016,0.045341157443313615,0.05237923240221401,0.007360956026005672,0.05793827595923943,0.04996514004267369,0.015259219939394959,0.032261479397300646,-0.6522708691156011,-0.5218812088511178,0.018793020132318705,-0.019318935119544273,-0.3134735199186667,-0.10295377645655468,-0.05821521957969016,0.12446428541398155,0.787912598504221,-0.20289227011463543
away_fg3,0.08341005974808705,0.08884265617379951,0.02642913760736006,0.02663963975754744,0.0645674009046688,-0.02202291161780674,0.031546441604077435,0.037735751827756576,-0.024747600705439653,-0.034642961844385464,-0.15045838459195318,-0.14493753464123732,0.0023155337462932983,-0.024682871060631464,-0.1338932133569796,-0.07049661474496219,-0.08634437049416353,0.09440310356369475,0.3145607992042264,0.04504474208360544
away_fg3a,0.09149779281250098,0.09692952892012105,0.0318882552593075,0.011407206001102142,0.034559254407035174,-0.012544756376047586,0.03073762044043938,0.03937137642518059,-0.0191150516981825,-0.045402019146049105,0.14242952109743595,0.09157656874844018,0.028462932036586286,-0.0035876710106263893,-0.08180004280531636,0.001562025924027691,-0.06706448748946009,0.09631634401717919,0.07362706980568276,0.2116801565906328
away_fg3_pct,0.02344060516711185,0.03388300100729272,-0.0013993458140853954,0.019307034778406156,0.060911614973896,-0.031057632610728827,0.022357084655602936,0.02057595668118942,-0.008944107418211871,-0.005580195023456486,-0.34918124435718995,-0.29271271573450813,-0.03067109528133805,-0.02466319228906587,-0.12045782167426825,-0.10269294063358689,-0.05954676450702521,0.036882692994732,0.37476154474475165,-0.13769651563851446
away_ft,0.10388588087073439,0.13427413063101723,0.021691229108221497,-0.011517147143662657,-0.01134442143358921,-0.005341067351121784,0.21412537100837942,0.21813739393098397,0.02338259309028094,0.05464403354115628,-0.10943853410444024,-0.05883579784188181,0.008526042591792855,-0.01931045979002367,0.02933173088364466,0.0600486927437082,0.7198009193018652,0.19313433472898667,-0.15734873656595602,-0.20448681953313558
away_fta,0.10020203876551186,0.1481474728574722,0.00793234292243419,-0.007233626893752277,0.0007937038879387671,-0.010962542710853397,0.20653173473184908,0.20930325824358306,0.024572506072646043,0.059595519191452805,-0.040077282719707764,0.00155093335270103,0.01605198812442367,-0.016487655512819083,0.04272942386051122,0.06819769889161763,0.7895382589614707,0.1874330010397953,-0.17398722464274202,-0.1992092775423018
away_ft_pct,0.025611358698554992,-0.011546878441537768,0.03648659700759155,-0.014090452599369727,-0.0352081723287957,0.012271676917343193,0.061795021989173665,0.06441267821282434,0.0073133879696514826,-0.009411836399174721,-0.19278845280606097,-0.1653053151027127,-0.01832454143271146,-0.022657932674906525,-0.0358987518954779,-0.0012016364176586378,-0.01929401164376585,0.048855910494234565,0.025509251027578658,-0.04519735553183538
away_orb,0.023895672694424046,-0.0435641184795451,0.05826983902113773,-0.021888328902719068,-0.03923778804176513,0.012682195451468797,0.01620682949919438,0.022090889443041713,-0.01932571923924311,-0.033698029904555525,-0.044395153978392464,-0.05646416902109459,0.023929484579541305,0.009625600821998823,0.2521514086774553,0.05329604891302626,0.07033146783098691,0.02194357225481748,0.0008490715383602606,0.5188114683144239
away_drb,-0.34618336797982935,0.40609593591075976,-0.6593016860668036,-0.11881387682880834,0.21182731982422676,-0.36338837144470026,-0.08274596313755173,-0.024261913427054804,-0.16108474526322752,-0.06933652322759393,0.13719271898717142,0.07326995590193335,-0.25687332639517546,0.025408993099344183,-0.019617681560430582,-0.28354408267867054,-0.00168541553920489,-0.3697805245425116,0.08363414985966365,0.14389032466625487
away_trb,-0.275517114847541,0.3141765101616423,-0.5173058149902997,-0.11203983292209911,0.15428728618623136,-0.29641399105676586,-0.05975828587553069,-0.0074493472072810415,-0.14588829730643235,-0.07753871407343395,0.08889914072890519,0.02845069878616768,-0.20083709409487832,0.026832737522628537,0.13007784156880936,-0.2060736361616603,0.03944739078118029,-0.2963775909970818,0.07040874776927097,0.4216712240596658
away_ast,0.14642623938406124,0.16809018483078605,0.04037473184294964,0.07168360609634923,0.10252998795546711,-0.004493188596812028,0.03952235880359141,0.04247474318911515,-0.012768762655790479,0.0002454439332212989,-0.22076854615406583,-0.1828647315341028,0.14762615281786537,-0.029207193262787975,-0.13788694877766464,-0.009008523811603901,-0.14509946085202788,0.1650504749202841,0.6308839528982579,0.2087137518073507
away_stl,-0.08530038097286677,-0.16756755545412394,0.027966558396208426,-0.011125527834417568,-0.01638176879836875,0.0037404087056811157,-0.006075538713582994,-0.007765470085105314,-0.0010759669388916637,0.042241260892748364,0.08729954194251124,0.09701500465818459,-0.009750027158572264,0.09096958201719141,0.08220689246891118,0.7531024059653691,0.08774824730546132,-0.07847012748178954,0.0609292981523007,0.15266638468487073
away_blk,-0.14366333642915105,0.26770980438930897,-0.3413944997933709,-0.105308332519801,-0.06565505882829607,-0.0825620500035177,0.0013302250323832818,0.012856967291780647,-0.03650384022294868,0.22054527282346775,0.005262496822565337,0.13304814821625716,-0.14636704326524186,-0.028381510084718703,0.026661714441585257,-0.02906593842305616,0.00140707620597801,-0.1519256534083523,0.07712837877385763,0.055748976801520474
away_tov,0.06650523937880888,0.15564288835703688,-0.03667700984734655,-0.05872642724381578,0.014371655489309939,-0.08687128200148701,0.028156392159739183,0.03493013674642992,-0.01405697101377127,0.05379242855752228,-0.22990029885379581,-0.1591904943221081,0.03934229144998708,0.7520081674816551,0.03423274769910034,0.16074985745784082,0.0985904491450245,0.05311318208110412,-0.18039556820773844,-0.28869621869636036
away_pf,-0.14547691755100853,-0.11233873285113352,-0.07477129002132399,-0.141874733729372,-0.07969586191453569,-0.11802583325307943,0.7254200056908939,0.7872415433133628,-0.037607850199644445,0.08405562832832193,-0.02981197477109293,0.024332653265441144,-0.13764762614423579,0.006368856562222168,0.015268591370848824,0.06627829105234266,0.2775186570724884,0.20345773360273653,0.060650528142173504,0.05160183014705993
away_pts,0.25929769588273105,0.2732929357899459,0.09082938787558428,0.10042359037336004,0.12078959363294793,0.018640466360947697,0.2090434744227902,0.214453759082681,0.00212025144785326,0.019318955327709584,-0.3825680713073394,-0.30586062488119603,0.10943797678861203,-0.1318757348480584,-0.12848067705996738,0.007277612622196146,0.20662138651158615,0.35504778613085963,0.8374411180771612,0.27422124146209154